1.190635052374043745e+01
3.568720428859475824e+00
3.271983329368608473e+00
3.080592831080499305e+00
2.913200294042537219e+00
2.758057017091031238e+00
2.611461554200526614e+00
2.471946533848357053e+00
2.339735341730410756e+00
2.216658349922917992e+00
2.105256098205048776e+00
2.007121964599865471e+00
1.921836276169065938e+00
1.847377050992298431e+00
1.781241470895921664e+00
1.721232621031478782e+00
1.665702811979228537e+00
1.613505221906817555e+00
1.563868718814086956e+00
1.516283468530434941e+00
1.470416367514643552e+00
1.426052888595014556e+00
1.383057923930405719e+00
1.341349357464506786e+00
1.300879984353014329e+00
1.261624920345432832e+00
1.223572693046754756e+00
1.186718882912528805e+00
1.151061601584296712e+00
1.116598347517721468e+00
1.083323925258448783e+00
1.051229196903636254e+00
1.020300480287231304e+00
9.905194364432375886e-01
9.618633098221347488e-01
9.343054041147349498e-01
9.078156963357792986e-01
8.823615119186911659e-01
8.579082029599401915e-01
8.344197893061092719e-01
8.118595370873566974e-01
7.901904611959471580e-01
7.693757471140754145e-01
7.493790937159108267e-01
7.301649826573155533e-01
7.116988822174742380e-01
6.939473944347045453e-01
6.768783544814691577e-01
6.604608907673089613e-01
6.446654534804781012e-01
2.218470656292853907e-02
