1.148032941730290801e+01 3.410600050656304205e+01 2.240296204445367323e+01
5.119747148788879088e+01 8.296687768873292512e+00 3.816775854006158397e+01
3.983156723342817429e+01 3.502592817409568937e+01 3.113478692155865701e+01
2.448082466158355430e+01 7.850550532036790763e+00 2.490663422305705410e+01
1.968482862404345468e+01 4.848691159097904091e+01 4.453783861327862326e+01
2.293376089559981068e+01 2.387774615899975927e+01 4.024702141694816504e+01
4.788618953486713536e+01 1.894974896905444695e+01 2.150447884780010810e+01
1.803547700386431174e+01 5.228660042477607561e+01 2.477760584189033821e+01
2.810988034222084053e+01 2.580153543664599880e+01 2.062153360344210995e+01
7.752823585809617057e+00 3.639272191263813028e+01 3.933286756300523734e+01
4.123075259802595838e+01 2.141665848919365089e+01 4.198431003048664678e+01
5.372035262374490117e+01 2.744536470008322127e+01 3.404521889352326980e+01
2.752421472523504775e+01 7.977955617937859678e+00 4.058070599563732372e+01
2.722622442856543401e+01 4.261764954561158447e+01 3.221677676309000304e+01
3.874094533475552282e+01 1.269543085629625523e+01 2.977061881599815507e+01
1.117328490259889939e+01 4.711334716367793618e+01 3.356160621718888848e+01
2.097000271550930250e+01 2.095316686686165397e+01 2.876838491180325974e+01
5.122675865643665105e+01 8.242285549131942446e+00 2.639955270253045683e+01
4.762344510878287451e+01 3.019264910324422857e+01 2.383959269463642627e+01
3.362654426561280729e+01 3.140397788448667526e+01 4.008274569306990287e+01
1.638942515790415300e+01 3.080102699080610762e+01 3.386342830448421637e+01
2.175900562160626350e+01 3.789960857937283123e+01 2.379158866493223101e+01
3.695597289141799990e+01 1.876787073058714128e+01 2.093193470349262597e+01
5.052309014841737422e+01 1.735107304502038517e+01 3.170721376928217339e+01
1.894821725144665692e+01 5.416222503881124339e+01 3.578061658778998577e+01
1.779940089906992284e+01 3.897636898070013700e+01 4.055569344182818270e+01
2.901634903190236514e+01 1.501064219704275082e+01 3.211376434994356543e+01
3.756129852373807410e+01 2.975977746791595635e+01 2.244055734407044156e+01
3.269794841244049621e+01 1.653607360674012128e+01 4.106054688482107906e+01
4.573484384113145751e+01 3.163451880980614561e+01 3.811256823998638765e+01
2.569257817225226148e+01 1.643262053416080448e+01 2.025193090445770139e+01
1.138585399672397358e+01 4.354321223699754029e+01 2.430782627544353858e+01
6.446760261285445992e+00 3.761741945529747966e+01 2.999586911050876026e+01
2.538120438024793657e+01 3.431720934518983768e+01 3.705993884103148162e+01
5.027557530371176142e+01 2.137261779175427989e+01 4.013535089262049382e+01
3.233231286734748267e+01 3.639613710088490706e+01 2.600186621375242879e+01
4.388952839410966078e+01 1.318806830532380658e+01 3.924914386381743725e+01
2.213576046548598342e+01 1.507345531450470588e+01 4.002490012230357763e+01
2.109632471530110109e+01 4.626152956540956751e+01 1.924263761620410307e+01
5.268698130239501864e+01 2.426864247711721134e+01 2.631293600808076505e+01
3.280085974280302707e+01 3.711354358053936409e+01 3.451283352332370669e+01
2.146241091634124842e+01 2.836683434061332676e+01 2.596254408729356555e+01
4.903264087351244882e+01 3.327984532326362199e+01 3.072927266008726122e+01
3.175122869413971927e+01 1.353636724720068329e+01 2.512216905719918714e+01
3.285891431429973153e+01 2.429281731784780263e+01 4.273875951835392328e+01
2.308018348163836819e+01 4.774537685111177154e+01 2.873242563042714792e+01
2.211296642064006335e+01 4.624909552690159842e+01 3.786444501798452222e+01
4.260834508114385955e+01 2.416193209033669120e+01 2.104499424584331280e+01
9.982221899130514942e+00 3.134984342662587053e+01 2.966380580019995961e+01
4.374201084424571917e+01 1.277866236846576342e+01 2.469643135735332251e+01
1.491774553503097955e+01 4.533358741512562773e+01 3.949700771160897972e+01
2.680324780612941993e+01 3.278658359386314913e+01 2.406152266691148611e+01
3.994979994245855437e+01 2.879970503808272753e+01 4.078746837966779282e+01
1.386054364823299245e+01 3.297570190585561534e+01 3.984249489997618099e+01
2.240016366735599007e+01 1.476017728869960877e+01 2.634962687054684238e+01
2.392290569444008952e+01 1.093562872875658698e+01 3.504161836610538217e+01
5.026802824128610325e+01 1.436481574734098388e+01 4.099825403593548856e+01
4.718663265631850834e+01 1.183316140403055350e+01 3.326414994525023161e+01
5.209983930648498784e+01 1.426110559199331007e+01 2.392341355344848708e+01
3.565182628420150479e+01 1.375015378089397799e+01 3.593448355414152218e+01
2.772382021882039282e+01 2.900812774892801116e+01 4.123675755258185660e+01
1.947641854158925057e+01 2.521168116183996943e+01 3.396822709822079389e+01
1.256404831111186837e+01 4.936838578416416823e+01 2.784467472434471702e+01
3.093045713590413470e+01 2.016353947446070194e+01 2.035157705248792581e+01
1.727564499611974114e+01 3.342299009345514804e+01 2.438950491422059130e+01
4.260505556454941001e+01 3.309197233545015138e+01 2.582775213356932298e+01
1.006001301350165278e+01 4.197593358928386209e+01 3.788922818393856318e+01
2.253182683749849247e+01 2.313092565843396997e+01 2.300996553762243479e+01
4.637731216620051100e+01 2.588388786995950142e+01 4.139996274529624287e+01
1.609553719664750560e+01 4.024186587123031700e+01 2.244016107438790186e+01
1.559487769417228265e+01 4.731588401976028990e+01 2.223867275222446338e+01
2.377038170653517568e+01 3.988742069048861794e+01 3.861481797251622794e+01
2.570519732210233599e+01 4.224873206827349748e+01 2.644188676405581617e+01
3.774666728807314797e+01 3.422089465842557843e+01 3.667713587359056504e+01
2.383453487001880333e+01 1.743440751498593499e+01 3.377580707239854263e+01
7.957898925688823510e+00 3.862585510037903447e+01 2.434855599954299521e+01
2.810334757433817998e+01 1.064162831243368679e+01 2.113374201656661100e+01
2.747003731049556663e+01 2.098880307771449694e+01 4.265005385669741855e+01
2.209113522020692244e+01 2.909916284118507335e+01 3.740383463003996667e+01
4.547294875371161993e+01 7.822160956669131693e+00 3.746012971114794254e+01
9.393986255942341046e+00 4.268309204914449140e+01 3.037474234648365012e+01
3.895476259222823501e+01 1.591959732221338264e+01 4.005625533709959996e+01
1.505306006687152198e+01 5.147776854217308085e+01 3.248731839104916475e+01
3.467065577349665517e+01 2.443031594132827777e+01 2.034779168681227191e+01
4.241501634120065489e+01 1.749089712705751865e+01 2.183177364958908129e+01
7.563928157415627851e+00 3.336561973338356779e+01 3.433229091101926400e+01
4.605238593384032697e+01 8.993490944331407277e+00 2.854589510573968880e+01
2.671684259587408050e+01 1.342301770523080506e+01 4.274480039299455569e+01
5.347767067298495647e+01 2.192485221545908303e+01 3.275438111176118383e+01
5.060778592322051139e+01 2.802508599482832352e+01 3.847466236569496090e+01
1.984975184708196139e+01 3.401470802722826647e+01 3.798860776268535488e+01
2.764036817460608830e+01 1.001475397789990929e+01 2.871071961734818956e+01
3.071884941204435293e+01 9.588054097746804061e+00 3.654043255055849215e+01
3.160721755311009318e+01 3.112775546846065566e+01 2.239863924227525516e+01
5.241694620146765260e+01 1.882194801995250799e+01 2.704077229090037093e+01
4.781784827576453978e+01 2.535365059158615253e+01 2.189226820335274937e+01
2.814936774586479729e+01 3.772012626387014222e+01 3.076874489094937815e+01
1.506132199360574120e+01 3.065912561833076211e+01 2.888392423263225695e+01
3.669149537728308275e+01 1.498199327715312101e+01 2.503284133699325409e+01
1.767885740129537453e+01 4.958855945646823216e+01 3.867636151995613147e+01
4.662157691942405080e+01 8.581159218577422365e+00 2.346959583247465986e+01
5.215485053761705814e+01 1.247983842062673965e+01 3.537463838448122289e+01
1.955783635698694667e+01 5.125087760718773211e+01 3.010089993908666628e+01
3.769549407610558234e+01 3.407341447933227130e+01 2.587791145814165361e+01
5.235312125278609585e+01 1.804924586461055824e+01 3.628398556418893151e+01
2.459850224953684261e+01 4.680417948322399013e+01 3.337716786881001951e+01
7.324594839159243698e+00 3.921314247842061462e+01 3.478759130990913206e+01
4.297430992365210045e+01 2.920945003731507938e+01 2.246015608626624172e+01
2.296446772365535338e+01 9.784368862141167966e+00 3.997334189995236642e+01
5.300094667531946158e+01 2.883577057084469075e+01 2.938011435436330387e+01
2.179689422511493646e+01 3.352486320850132984e+01 2.625393231336081357e+01
4.419781926425820018e+01 3.430453238036611907e+01 3.434540974384547951e+01
4.428143287692780206e+01 1.436323986299814592e+01 3.030967336420586733e+01
4.458248182581665731e+01 1.799465457349254649e+01 4.143789957739575414e+01
1.243745175547587323e+01 3.730297320529528093e+01 4.113536229841612624e+01
2.980109830199613796e+01 7.997846912420243370e+00 2.466386454909459047e+01
2.044321016771398547e+01 4.238705112051231794e+01 2.342470581827357634e+01
2.040178747727824415e+01 4.415861641236097057e+01 4.169251129922099608e+01
4.119805190139287276e+01 1.327121709978590758e+01 3.369748569208818623e+01
4.976498760290591861e+01 3.165826567352535292e+01 3.573874983699653995e+01
2.570929472981320529e+01 3.766089495884921234e+01 2.680377977274198997e+01
2.336270756838059270e+01 1.934063408231273939e+01 4.142391511676571980e+01
3.567627452748144634e+01 3.648847113869512526e+01 2.993059042334770226e+01
2.663830537902668283e+01 3.907355774585731467e+01 3.517048395391393001e+01
3.731529953459656923e+01 2.510672269433537807e+01 4.228773077797161051e+01
5.130823403348070144e+01 1.368997835961238430e+01 2.911843732433799659e+01
3.431429787108163509e+01 1.376764585146238673e+01 2.886445577534707496e+01
3.637829226447054509e+01 1.894695444584286292e+01 4.224530548415376074e+01
4.415302753476101572e+01 3.466341809662230844e+01 2.980348661742797489e+01
2.313873171258029515e+01 1.121208915207192902e+01 2.218488157686990547e+01
2.989888520824399265e+01 1.523180116213008262e+01 2.103831660870154252e+01
1.181384016092894029e+01 3.859357406534032719e+01 2.216064199129527523e+01
1.212835767906258511e+01 3.087041282575125933e+01 3.638325419160499052e+01
2.082887154848419087e+01 2.078332302939636733e+01 3.314409961570510887e+01
4.697226742138635558e+01 1.265951310606962110e+01 2.175417022707753389e+01
2.206604938039646413e+01 1.906155028261170514e+01 2.453022389099457357e+01
4.716045519549103204e+01 1.093652633974261867e+01 4.106050977840274641e+01
2.570020382526632119e+01 1.432368415361634462e+01 2.915017119232210874e+01
1.902639600885115811e+01 4.999492898011833120e+01 2.124353299587763999e+01
1.884214221046578430e+01 2.755981496440958267e+01 3.039270684216428720e+01
3.101431451309477794e+01 1.422878866377559781e+01 3.572061390508084600e+01
2.941165564019167533e+01 3.253390962543787879e+01 3.975663895698890116e+01
2.471042247006541004e+01 2.756129618489904587e+01 2.226705901128915599e+01
2.515238446897307867e+01 4.315364170859709247e+01 3.647404178405828645e+01
1.198608664646101829e+01 3.133530688927843499e+01 2.541704034928851286e+01
3.297389593163109112e+01 3.509085768465963895e+01 3.803753019384524237e+01
1.070033382989434756e+01 4.574145654240008696e+01 2.804291600979968280e+01
5.127541016275917229e+01 2.073219040288340409e+01 2.365576674139350999e+01
2.129466713109411558e+01 4.905241152818156536e+01 3.505928310169750972e+01
2.215559060250873813e+01 1.817077516082191480e+01 3.743306634712363490e+01
3.069791851684603756e+01 1.307178990111127526e+01 4.113545146866602664e+01
5.257955457376752406e+01 2.200076710864189522e+01 3.684376615796291787e+01
4.521791576254189238e+01 2.207555802237831699e+01 4.171176069980838719e+01
2.895246086316181078e+01 2.508612122099840747e+01 4.257399170970151658e+01
5.108788021341027275e+01 2.938318336679959941e+01 2.598791632445352917e+01
5.451348599276904849e+01 2.510064908548017470e+01 3.070954260560986526e+01
2.263395554289163414e+01 1.447283407371256914e+01 3.609093931797352894e+01
2.069705012098126318e+01 2.453971497657223466e+01 2.614563247156130643e+01
2.856612979112910367e+01 1.726988404923574905e+01 4.266078613802300623e+01
2.886743549512161167e+01 3.637109011528610125e+01 3.676174539562628496e+01
8.051535714797934062e+00 3.452846570020169281e+01 2.394778202898617891e+01
2.805181361441009358e+01 2.990067193191568862e+01 2.196032406969380446e+01
7.231056838660888886e+00 3.386442007168996327e+01 2.904176464332329033e+01
3.306741983420068465e+01 1.394499754649920931e+01 3.258002988619994511e+01
1.842566021802358378e+01 3.164111392154730495e+01 2.749491401550297098e+01
2.027805777098028628e+01 4.942873970503373471e+01 2.571107464171341306e+01
1.300221412430389378e+01 4.804300516512318353e+01 3.775120860556650371e+01
1.716816721443190374e+01 4.578751726333941008e+01 4.264603998350520442e+01
9.966148097337145018e+00 3.342897413596029565e+01 3.989019490077761532e+01
3.479151611727321125e+01 3.256169933659641202e+01 2.369620973169762834e+01
2.627991064727266490e+01 7.017354782979409400e+00 3.720812325431536749e+01
4.394082901699841415e+01 2.859512981412656529e+01 4.066364147270918750e+01
2.277535587783994586e+01 1.106901668135018824e+01 2.635314945149122678e+01
1.719459990310577524e+01 5.376299599964769271e+01 2.805494206155563575e+01
2.867450828140425756e+01 3.586774533953534672e+01 2.553659210352556030e+01
1.539971636066370664e+01 3.664141585389405265e+01 2.205686796060655652e+01
4.442067294559285529e+01 2.096062790063891867e+01 2.126600401992364553e+01
3.314610361335061128e+01 2.817757510835898316e+01 4.176206625077433898e+01
3.999067180174270675e+01 2.723971350981260642e+01 2.136472332543609198e+01
4.954597022104129422e+01 1.569505780387662774e+01 2.171730882084649750e+01
2.485196003756250960e+01 1.995691344314221993e+01 2.065407671617357721e+01
4.196329528978137091e+01 1.438378921952483402e+01 2.742714334770253615e+01
1.476650082219804005e+01 4.095981224825375477e+01 4.034931737718481770e+01
4.174619855602013985e+01 3.319103581499180677e+01 3.677545892495676583e+01
5.035796069746974268e+01 1.151346833077968235e+01 2.228656563399043478e+01
4.720945653112353568e+01 3.264300899667157552e+01 2.645280783018646886e+01
1.962862074352826980e+01 2.937239678330335479e+01 3.444465202421193339e+01
2.773522732259209178e+01 1.232328112340558945e+01 3.411332648098316156e+01
1.481434214000391769e+01 4.373573645948673771e+01 2.330710660066192830e+01
1.313363863655805375e+01 3.034574434747597849e+01 3.247648757658064511e+01
3.268297746786099367e+01 2.734866439683524675e+01 2.079818308530768789e+01
1.720907317021811878e+01 3.509421752774078129e+01 4.010305882225568297e+01
3.735731248966138196e+01 1.260048087910185544e+01 3.302698022070286754e+01
4.716985952882919264e+01 1.527982102247988827e+01 3.211696242134459567e+01
9.178269991009718964e+00 4.144430603022673409e+01 2.607490954427434104e+01
2.265475630004587870e+01 1.469538456708669472e+01 2.204004126042726597e+01
2.180408780453409179e+01 3.683090081302081842e+01 3.878700677019757137e+01
4.082086826519549305e+01 2.519992382795393837e+01 4.200743438446654210e+01
4.620071315299261983e+01 1.488881556507277359e+01 4.128466002419571623e+01
2.338887952499880285e+01 1.733624103957757967e+01 2.850231181378232748e+01
4.555901037345974203e+01 1.595642391319941211e+01 2.181415197062601408e+01
1.855587880388151589e+01 4.465658894071081875e+01 2.158796799174026049e+01
3.107237681563676901e+01 1.499911421262052436e+01 2.868602438096815277e+01
2.037471007732709083e+01 4.897265130642953324e+01 4.117736855212931601e+01
5.126699064070164269e+01 1.122076068233737800e+01 4.001784116217202580e+01
1.101152419362569113e+01 4.519821205737983405e+01 3.716890643709201925e+01
4.183438771891169949e+01 1.462081542545236879e+01 3.690008019841565101e+01
3.990859303145047221e+01 1.567659716858494967e+01 2.408570488979557211e+01
4.797442302650765811e+01 8.584262288026204502e+00 3.400083792290953255e+01
3.626230124988883574e+01 2.930450865431868834e+01 4.090758254358059531e+01
5.164741983628761801e+01 1.748668062881976581e+01 3.954649906614379518e+01
3.739491189738575372e+01 3.571614503051351619e+01 3.335242536532287971e+01
3.815073175499200175e+01 2.189511341699498104e+01 2.067614590899957960e+01
2.525850861707040806e+01 2.673284145406297441e+01 4.122615615826055091e+01
4.829973962903518725e+01 1.896067161757412478e+01 4.137175946805868421e+01
9.601704750762877438e+00 4.279725187841384582e+01 3.467550565115256234e+01
2.340676188616997422e+01 4.447418443965543133e+01 2.551691725593557791e+01
1.236369205548380990e+01 4.972876892043603902e+01 3.161330730575334513e+01
2.329196667506320750e+01 4.080394475582380664e+01 2.415178957364178558e+01
2.543809479166317544e+01 3.148430348973198889e+01 3.875220920918862078e+01
1.507349910765516121e+01 5.127273596871911110e+01 2.882157045557827146e+01
1.717808216837876145e+01 5.298486538390524458e+01 3.830201061141564622e+01
1.012686766426683960e+01 3.124018641167011623e+01 3.379408320298879431e+01
2.407959260198795448e+01 3.110862371811719740e+01 2.484092984033614471e+01
1.681391277177841559e+01 4.898058887136606643e+01 4.198742104511340045e+01
2.558479663884692101e+01 1.020828620695915134e+01 4.199152618793957714e+01
1.933718341490978432e+01 2.437006892779529821e+01 2.988407787540659299e+01
5.025335610449004520e+01 2.462467808232788968e+01 3.983608486751432309e+01
4.845192784151708310e+01 8.153880760731622601e+00 3.991133721542048107e+01
3.302632654752964925e+01 1.785991398533595742e+01 2.129029631764935004e+01
4.780254611694575573e+01 2.899027022749796600e+01 3.979734750287266110e+01
4.459303227184837937e+01 1.353448804857252696e+01 3.422595387409009504e+01
4.753672702481019030e+01 3.357403653818868605e+01 3.437704260170614390e+01
3.094616774225552547e+01 1.017879521574405999e+01 3.974754350901489630e+01
1.273474093361429915e+01 4.956204568709216574e+01 3.493370828287523011e+01
3.790796754758951437e+01 2.196564991270061995e+01 4.237292881464809113e+01
6.716181754044926677e+00 3.597091295271255262e+01 2.646762144477002465e+01
2.851492967991746852e+01 2.225512601584944861e+01 2.035352385323095348e+01
4.080319172809820572e+01 1.827058078608239455e+01 4.166980355830821736e+01
2.675029483582718726e+01 8.159138037500706986e+00 2.259189944058953614e+01
3.408159960265106747e+01 1.541101042410965150e+01 3.843543569401170856e+01
2.444059436843432920e+01 1.561068059600239799e+01 4.246436917911950104e+01
1.433328509751970614e+01 4.904756512543206526e+01 2.525312448153252021e+01
1.814568080248271187e+01 4.205401777410965281e+01 3.998019176463517255e+01
4.852008357413885875e+01 2.230976437691443692e+01 2.205759770926198016e+01
4.516638223885711056e+01 2.697780622695054831e+01 2.164973801963405720e+01
4.865433269361583513e+01 6.947571725342297277e+00 3.656709320927461704e+01
3.072756284925846160e+01 1.104777402477874126e+01 2.274680604001464346e+01
4.834797901202581016e+01 7.130059533246621228e+00 2.675266572587955238e+01
4.393152399834482225e+01 1.153091799779263305e+01 3.662866552088588890e+01
5.225371649220081594e+01 1.083053343315939188e+01 2.504232891826742247e+01
2.065063123749725094e+01 2.473757229634478705e+01 3.679135634752208972e+01
5.043118002533469024e+01 2.727830742346693782e+01 2.381728469932432191e+01
3.887213988972448675e+01 1.369979576448879932e+01 2.681065939427959322e+01
1.723363010540209928e+01 3.241179888287242505e+01 3.761538970575250573e+01
4.497885376351968745e+01 1.189130743833518444e+01 2.855039375188948014e+01
2.142373733576634720e+01 3.203773008559026891e+01 3.627712798451953802e+01
2.633192944567726457e+01 1.522964949650734390e+01 3.354700035813682035e+01
5.184490160015982241e+01 2.931229593495689301e+01 3.555792635084904418e+01
6.469966603994635079e+00 3.628982163363137659e+01 3.478659612106903865e+01
3.204202342382483693e+01 3.384722265154896093e+01 2.387791117684428599e+01
2.669164130215956021e+01 7.476099331988827146e+00 2.694456676216892888e+01
3.934031655601076238e+01 3.123421633921750029e+01 3.909796433433930929e+01
7.798323607353862208e+00 4.011353907462285662e+01 3.102104263162483733e+01
5.240188655976450605e+01 1.917540820965581361e+01 3.335622232695506284e+01
5.086893879568197718e+01 1.441519571363594565e+01 3.345764218489559028e+01
8.236953883692326173e+00 3.913659076866947117e+01 3.819785726598637154e+01
1.687824733796525578e+01 4.815581847317089625e+01 1.965510691655518727e+01
1.800082120608883685e+01 3.026791427307849958e+01 3.137118613126973088e+01
1.409421681601200937e+01 3.304727296660757219e+01 2.340678405218086411e+01
3.457943348011752249e+01 2.144702344440823083e+01 2.039094177417269904e+01
3.077309994190460074e+01 2.985371393552895114e+01 4.112826418876463208e+01
2.359029965108355498e+01 8.648981471159856937e+00 3.689111048801920134e+01
3.233895080312858994e+01 2.139170949869364335e+01 4.272999339791527973e+01
4.148656967000803775e+01 3.434737722000647153e+01 2.823204096723463863e+01
4.491544938717908764e+01 1.002488364992920822e+01 3.931488005569435273e+01
5.239529529167152333e+01 1.517484059584155709e+01 3.683812559967943656e+01
2.577327573167967500e+01 1.819979105137610631e+01 4.272479725158982689e+01
2.118235950151591496e+01 4.075502617098808855e+01 3.962377416834605981e+01
1.945334776371315755e+01 5.078969303874101371e+01 3.648678291559738085e+01
2.207802241734207982e+01 2.616818430129326245e+01 2.418243443644493595e+01
7.614354122288363058e+00 3.964088880059597386e+01 2.770376281792636064e+01
3.567117672859082944e+01 2.792726577507725594e+01 2.125764231708651053e+01
5.118032143954647495e+01 2.360100729250306983e+01 2.395133440428222116e+01
4.163086578476008981e+01 1.327976608840103623e+01 3.057573761026750248e+01
5.319032524994182864e+01 2.453314777776206412e+01 3.562562552843198205e+01
4.457791705669173155e+01 8.900877886366380665e+00 2.607910869660229380e+01
4.801980600762404805e+01 2.283884770753900284e+01 4.114718168508279206e+01
5.349229712423551319e+01 2.310342067367680485e+01 2.891811093385208764e+01
7.193825330091838666e+00 3.446213733776964716e+01 3.694541113840395496e+01
4.147421333353742057e+01 3.456742714472505185e+01 3.354587261953766841e+01
3.650986256003817232e+01 3.165575953724646752e+01 3.932239168243466310e+01
3.558281576475842201e+01 3.597293750812620772e+01 2.713376749718857894e+01
5.231449062508511361e+01 1.919988598944451752e+01 3.049732938269303872e+01
9.331779482164705541e+00 3.223888341560453341e+01 3.738848085376400121e+01
4.506397295223559496e+01 3.135840384540257730e+01 2.420400020185791945e+01
3.872752577584327582e+01 3.496576385028188838e+01 2.836802141154966961e+01
2.286182599230722445e+01 2.720330877650468437e+01 3.934985603942836008e+01
2.031187710623939324e+01 4.904896141734372605e+01 1.891422036904381088e+01
2.183059539846800234e+01 4.481422822400904948e+01 2.306233632038648551e+01
1.773762796493845784e+01 5.226385110247946386e+01 3.410222971954325288e+01
2.084016851235854872e+01 5.064432487973863317e+01 3.279426088840553177e+01
2.196717746538265104e+01 1.936875050424134059e+01 3.085595923445031730e+01
5.285500079121302264e+01 2.725374300687458629e+01 2.707192410068656230e+01
4.054003247020024503e+01 1.944555485770402470e+01 2.111843454016587884e+01
1.530485435771002578e+01 3.777847485614195477e+01 4.098770836031145848e+01
4.940456432119199803e+01 8.330146818919461182e+00 2.349854952424655252e+01
2.287586150998002310e+01 1.746812505873988641e+01 2.177895265334169750e+01
2.463756796129320037e+01 1.005900488468640930e+01 2.816064017876888670e+01
2.702498846379659625e+01 4.255914418396716314e+01 2.944048240502503333e+01
2.711443672487492051e+01 1.311725711216860368e+01 2.033495098985107319e+01
2.284914602212768386e+01 1.257334174415648498e+01 4.098174089393270236e+01
2.479043819677942295e+01 2.488268620406358878e+01 2.156469544373149816e+01
2.168139194314946749e+01 4.655322187374226672e+01 4.222316418523128334e+01
3.554520912292468893e+01 1.661046723160109551e+01 4.103752651506385973e+01
1.219706837317676573e+01 3.072822053897873573e+01 2.815491505204384381e+01
1.218238288786016987e+01 4.190526990408903174e+01 3.963687196236351440e+01
1.706076137484933852e+01 4.972344614004428109e+01 2.484543192520823851e+01
4.542686407910899504e+01 9.190199249190101227e+00 3.479481069654615055e+01
2.187089278022368433e+01 4.386858533895411938e+01 3.918959432973297652e+01
5.042245884837869596e+01 1.133662336258626269e+01 3.359525032823072621e+01
1.157528712437978591e+01 4.609721238126359566e+01 2.523632207734982558e+01
4.941419399447016048e+01 3.245038757733453849e+01 2.799996151787642162e+01
4.326205172484083761e+01 1.583994609896601879e+01 4.052011444459522238e+01
1.104084597554880531e+01 4.711337541865576384e+01 3.088840576797178272e+01
5.206729366983149987e+01 1.148357655410761247e+01 2.762971040919419607e+01
3.548134749611580219e+01 2.318971582939138898e+01 4.262118400560498799e+01
8.044829416197870842e+00 3.271993960420535075e+01 3.178328654230947237e+01
2.165428462239876950e+01 2.026600216720861525e+01 3.586113238747666543e+01
4.082775389620822892e+01 2.208831437679585719e+01 2.097328560410376141e+01
3.184028104777763701e+01 1.364245267586096055e+01 3.816482627883653578e+01
2.650164458165154358e+01 8.307656187745898535e+00 3.493704020795108534e+01
4.291403292720429619e+01 3.064120147613186873e+01 3.940266865663001283e+01
2.997884361178842028e+01 2.761820626267029866e+01 2.075136756126711290e+01
1.993615867064213276e+01 3.603474419920202365e+01 2.379505361284454779e+01
3.770947136050762083e+01 3.211282633871748260e+01 2.416111561081043746e+01
1.988731101801222678e+01 2.627250696167214983e+01 2.791464208869314945e+01
3.041384886492495454e+01 9.435141272240457511e+00 2.674596376884128190e+01
5.232224491559420443e+01 1.115434287713192418e+01 3.760517466889268690e+01
4.003175922224481553e+01 3.302440977885297713e+01 2.545884284850216517e+01
5.231571926239220716e+01 1.659083200670378488e+01 2.572639758500083929e+01
2.972160949382345763e+01 1.958607078651434819e+01 4.272129235677189030e+01
2.720881225363779876e+01 3.962040089576922242e+01 2.928954792821930653e+01
5.102311858169569803e+01 3.175076767178283532e+01 3.011436684626655591e+01
4.736636984904419734e+01 3.379482406877133371e+01 2.881518174268678223e+01
2.181703063240441764e+01 2.206813583544293778e+01 3.878767004514753580e+01
4.293188008658326282e+01 2.335258959407698853e+01 4.196126950628374175e+01
2.146280486400346632e+01 2.216071520384414129e+01 2.513851481619692407e+01
1.016023062631160201e+01 4.463571875548171874e+01 3.297750235872257463e+01
2.465003535032605697e+01 4.751993881498047756e+01 3.091812485686354961e+01
2.248420024479109003e+01 1.159109906204793106e+01 3.705600536821719970e+01
2.968807358474924030e+01 3.301154776180546691e+01 2.334091687478940358e+01
2.388096683582164204e+01 1.759341267878738790e+01 3.099344991490804091e+01
4.187667414826744050e+01 3.110300226663650847e+01 2.376198787559824765e+01
5.124715599233880425e+01 8.570135499928516865e+00 3.564145710113193388e+01
9.703549729709713745e+00 3.269168830346781363e+01 2.451927950292524372e+01
3.469477675012416285e+01 2.625740767245480711e+01 4.231583483161237069e+01
3.159466204970855330e+01 1.460359200927615753e+01 2.280205414212291259e+01
4.945957764193749995e+01 1.210478615687367210e+01 2.978767590610267035e+01
1.449734513959074533e+01 3.143978155609450198e+01 2.559084311516051002e+01
4.902109170802657445e+01 1.526305950913336495e+01 3.040844991248881257e+01
2.864129924875204125e+01 1.232044908764440727e+01 2.859725493581126443e+01
2.631020408121868925e+01 4.494505759994956406e+01 3.200435782101483539e+01
3.336442314631990769e+01 1.493853031443091695e+01 2.686310499903968463e+01
2.301797547898958385e+01 4.872217468878911006e+01 3.305946846379332982e+01
2.404695942555662569e+01 2.207831243742495886e+01 4.157486777183697768e+01
3.245028324919920237e+01 2.271680218251200500e+01 2.024011283084065127e+01
5.433713128842317985e+01 2.782376990128057415e+01 3.120335362030927939e+01
1.932272010134489548e+01 5.353543212220345993e+01 2.681149696663624837e+01
2.034485267447501045e+01 2.738971248102385658e+01 3.573836482502240131e+01
4.487559357745554678e+01 1.371046095745328053e+01 2.258651218588227749e+01
2.010367893141749462e+01 3.997717771123424768e+01 2.300039434748333633e+01
2.206517052183224337e+01 1.348542022449665367e+01 2.410482515203275966e+01
1.275260456320623170e+01 4.188887841341517770e+01 2.309570756662899527e+01
3.159579599768686009e+01 2.638533248704074907e+01 4.244055946491924658e+01
2.270219353844620969e+01 2.011418730673690902e+01 2.239715461108848871e+01
2.491178652717345798e+01 3.335396531534501463e+01 2.552501917717710000e+01
1.888114206848394616e+01 2.765478990198791109e+01 3.283854403161664237e+01
1.814676239331149787e+01 4.170627235902200880e+01 2.294251129261164834e+01
2.449744320227486583e+01 4.530067992327489179e+01 2.753844486346782361e+01
2.156300943287320848e+01 4.961653700649687693e+01 2.905775409649717034e+01
2.419876019610389406e+01 1.243451584082877837e+01 2.840209508373071401e+01
2.629915322995083571e+01 4.356117328680402068e+01 3.437841815443064775e+01
2.521993595556589440e+01 1.074755242056232518e+01 2.103387448132863824e+01
5.187357638828535045e+01 2.413284311825690764e+01 3.810476783454067373e+01
1.711386852003348125e+01 4.424014110738588101e+01 3.996627714530256270e+01
3.965797057178849627e+01 3.440006981702239131e+01 3.521203943444826479e+01
1.410093477130821960e+01 3.050062011109233850e+01 3.468250126735966887e+01
3.342933666342516119e+01 3.722103834116158794e+01 3.039806873474961435e+01
2.541220742738098082e+01 3.663582612576932007e+01 3.642257791364909991e+01
2.782801245978834714e+01 1.134442723608020387e+01 4.227242908275430011e+01
2.379423823635129409e+01 3.680471908887451349e+01 2.563340545657806402e+01
5.050972623151243113e+01 3.223868382708437963e+01 3.240705135618738097e+01
3.774126285889988708e+01 1.604152900321576070e+01 2.312795275406438833e+01
2.578254301819729832e+01 4.035020408372913892e+01 3.700493323380676003e+01
9.871335467378530737e+00 4.327859626922658265e+01 2.743405070355882458e+01
3.417625517300523086e+01 1.978911155956445000e+01 4.252921315825526705e+01
3.028468591598738513e+01 1.530876261112714865e+01 4.181400729790880888e+01
4.870545247348069751e+01 2.626820626744195408e+01 4.056887108517700824e+01
3.990924948809696104e+01 2.991576399373977324e+01 2.275078753468505610e+01
2.959621203567539993e+01 7.960306672221681978e+00 3.942436535253358443e+01
3.859863297951726224e+01 2.707514284065757693e+01 4.169346988681922994e+01
1.023584793897482825e+01 4.493771268998996504e+01 3.051259152972446742e+01
2.031349479766988608e+01 4.546997176653232486e+01 4.379383536412018429e+01
3.893632480482467884e+01 1.987141810842091871e+01 4.214995561302055194e+01
2.494402480074152351e+01 3.957297306385328284e+01 2.526542573424978855e+01
2.000521580405611388e+01 4.938816379553888680e+01 3.849952024028306141e+01
3.094602769632785311e+01 3.746928202180058776e+01 3.313558257108554983e+01
3.539001020811117115e+01 1.295918896686185917e+01 3.181786539423400129e+01
5.424062441420647929e+01 2.490423086839540190e+01 3.302018128902687266e+01
8.976726687432934781e+00 3.616437366447408408e+01 2.257097484776145890e+01
2.180144822052826825e+01 2.024121102300708941e+01 2.671442542062030157e+01
1.018421793807703324e+01 3.675229510899980312e+01 4.095213644112590856e+01
5.215063496613554150e+01 1.672404002602560169e+01 2.804347265940340961e+01
4.222017073414060917e+01 1.543221660202257617e+01 2.398288094390916569e+01
2.902926900101505936e+01 9.615920911034532281e+00 4.129005780035478779e+01
2.042432459070057860e+01 3.045861233942550328e+01 2.745313861623874629e+01
2.351188615132915061e+01 3.133217498007622126e+01 3.746459769922292793e+01
5.171392782240565111e+01 1.649639532333841885e+01 2.345393992102850689e+01
2.038101165481975130e+01 4.920527164952488874e+01 2.294771595983644374e+01
3.652331246678197374e+01 1.312337504258074006e+01 2.870742827410493447e+01
5.219423791298507354e+01 2.729158258550402394e+01 3.697860477392507050e+01
2.714916048314378116e+01 1.549668236847381664e+01 3.049607369650523481e+01
2.498900756144242408e+01 1.425530086794858065e+01 2.041541300367117628e+01
1.451353102200792655e+01 3.165597210334070866e+01 3.809136667614642846e+01
1.614644686451833167e+01 5.124394007205735591e+01 3.723786902808015498e+01
4.720530307284886362e+01 3.419000543778934542e+01 3.175457239473933768e+01
4.557626225459325298e+01 2.957302632792776365e+01 2.288689777254554514e+01
2.283199451842365590e+01 9.565506845879824027e+00 2.464589020662616292e+01
1.552680407425194176e+01 4.742061563410858582e+01 4.014930903345894819e+01
2.239282443007319756e+01 1.730371842905261914e+01 4.034730911412464849e+01
3.160587698324897232e+01 3.728352379056118338e+01 2.795125095791753722e+01
1.366097616383787816e+01 3.987414589919589503e+01 2.237007826142751554e+01
3.682923990072496423e+01 2.605293189511060703e+01 2.078176369408923918e+01
2.155325747335615461e+01 4.733125740738827147e+01 3.975523180343630969e+01
2.679355826291227771e+01 3.325964426755977854e+01 3.851856918285743347e+01
3.399743078690416098e+01 3.619341536769485401e+01 3.637467186819251452e+01
4.968504424650468110e+01 2.996395473486695948e+01 3.783975511108411638e+01
2.407926208961734815e+01 4.507793734123828244e+01 3.610640141043612061e+01
1.026459003091583000e+01 3.987292659943898343e+01 2.313524312990610809e+01
2.447130738132600314e+01 1.318589367495148501e+01 4.238243495769091851e+01
4.383468472294126173e+01 1.317723686383940063e+01 2.713597532999826711e+01
2.465567502828696789e+01 8.880582281562920954e+00 2.245202393139701513e+01
1.998185459543113041e+01 5.067948626700601267e+01 2.791966511345894020e+01
4.134066684458999674e+01 1.536521616914293276e+01 3.892585234035328767e+01
1.732403754329437362e+01 4.961868991413130914e+01 2.265254124737653285e+01
1.639525116004291760e+01 5.406945938416849629e+01 3.655220169472926273e+01
2.745113444496812249e+01 7.184044627034332109e+00 2.489946086295586269e+01
5.022035671075256857e+01 1.930925192411412894e+01 2.235180992672840006e+01
4.645583526845884137e+01 1.310900131829571258e+01 2.963173391500881593e+01
1.766896471057300033e+01 4.611967677563389145e+01 1.988382990704412023e+01
2.595991949983834246e+01 2.968266253655075815e+01 2.256079791729529660e+01
2.784798280716292496e+01 3.730994488306409096e+01 3.471840318803976544e+01
2.742668256938097215e+01 3.160924726050992462e+01 3.980108566815841442e+01
4.814962130123490169e+01 8.518320747291131312e+00 2.888680600807366616e+01
2.931231306616437848e+01 1.429962240814590402e+01 3.436526383411685259e+01
4.272721139504476184e+01 1.928646483760092067e+01 4.173271715314004382e+01
4.293969228477993028e+01 2.564529885526154729e+01 4.178628333367041137e+01
4.326024244055793133e+01 1.387927585862142976e+01 3.216449238374413966e+01
2.202836627225367749e+01 1.991601169774246927e+01 3.895891582149687338e+01
1.831819009995360759e+01 4.680951764125094883e+01 4.439752755228931846e+01
3.142584569235695469e+01 1.119932045605988691e+01 3.780608851702452711e+01
6.539044105432102683e+00 3.527805667890559249e+01 3.287263107875936186e+01
2.237818797344588972e+01 3.037016251754505447e+01 2.594699330735962306e+01
2.208732830246110268e+01 1.294414559728591030e+01 3.900094551449215174e+01
2.659782822229847454e+01 4.161136671661595443e+01 3.546501166746055844e+01
2.537470634254344048e+01 8.416463816776438733e+00 4.082585255202528174e+01
3.045275109674348712e+01 1.295598585960942195e+01 2.181930964575614951e+01
2.101643663179541832e+01 4.469354552068423914e+01 2.109147600389448485e+01
4.503272525769235557e+01 3.306411114092695414e+01 3.669495538674196666e+01
1.483654872187214480e+01 4.912137086582698942e+01 3.765007596033500192e+01
3.372658605355817940e+01 3.105408026289285672e+01 2.259071567924268464e+01
2.244604317646669500e+01 3.526705502580531970e+01 3.750391982630148391e+01
3.273255290629968073e+01 1.530217730044424584e+01 2.449066266824859284e+01
1.997313579288299579e+01 3.908022715561342864e+01 4.006410557094664426e+01
4.031673741912874220e+01 1.730472353482800685e+01 2.189236212709386109e+01
1.646633370018037468e+01 4.502028876216168385e+01 2.306279295102999782e+01
1.920541586055516703e+01 2.426225996175960375e+01 3.198177706170278256e+01
4.520570090522038953e+01 2.291168171578615897e+01 2.127519051080649604e+01
2.925221727263903304e+01 2.209658096721556575e+01 4.269649566351775150e+01
8.711172022263342640e+00 4.132386151890356274e+01 3.348773296511371456e+01
1.337726482436397113e+01 3.724398141195767664e+01 2.184421220143094189e+01
2.678679739574654661e+01 1.046482986739971821e+01 3.411040681314426593e+01
1.174450083036902726e+01 3.407965393456875347e+01 4.075613169065906050e+01
4.428491004655631968e+01 9.576159367906701192e+00 3.738275216484649377e+01
1.054153521969283247e+01 4.513419788338199368e+01 3.514309085926467446e+01
8.830389667020748234e+00 4.143515987390301802e+01 2.811978430880812851e+01
4.142394252055600390e+01 2.711678009876036199e+01 4.150867750532268019e+01
2.648928583005388049e+01 3.579623137410221290e+01 2.635916316269157633e+01
5.218811661686688552e+01 1.466395164433490983e+01 2.753636159762361046e+01
1.631450320953837263e+01 3.160605995979048544e+01 2.653274307208414839e+01
1.995992504829622405e+01 2.231985178429293981e+01 2.991717368452904324e+01
2.530337875139126069e+01 1.647609020885013109e+01 3.229115434693790121e+01
2.767010540369318505e+01 1.508378355835553108e+01 2.028644955961005181e+01
1.800841060483234202e+01 5.518222552908763134e+01 2.683617828220656776e+01
5.138661095510560983e+01 9.136204629799211219e+00 2.432523040868720798e+01
3.247804231458271573e+01 1.825689321881497307e+01 4.212008948457851432e+01
3.048953643041601325e+01 2.325077910262725922e+01 2.022907909133973803e+01
3.463669477334491376e+01 3.431263274311876899e+01 2.471178014637146703e+01
4.776900924157239814e+01 3.058114254708249291e+01 3.854316089151446079e+01
5.249171757259307469e+01 1.330815961052820384e+01 2.566374126492527452e+01
4.855555753122300189e+01 1.236304239070070921e+01 4.138811826646616510e+01
1.344060429692879843e+01 5.058371743428124034e+01 3.330261634074642529e+01
1.204335647984833990e+01 3.222466291145960327e+01 3.940080233859274017e+01
2.474489021526612831e+01 3.823783644568995044e+01 3.744371819833143888e+01
2.884066835210659718e+01 3.755279101588446622e+01 3.298493193624633335e+01
8.730989110493499794e+00 3.230484069433981631e+01 2.843147025943892459e+01
4.979180639608730985e+01 2.928488740349000352e+01 2.447040182964940058e+01
2.585738734174988451e+01 2.913056973004551153e+01 4.054026924275422772e+01
1.220936971978536789e+01 4.509457998082463348e+01 3.875866642321159361e+01
5.169687221424462109e+01 1.481524669619227019e+01 3.968529026629590817e+01
2.847147665592721921e+01 8.212510400135084154e+00 2.745011025011292105e+01
