7.536169305383392469e+00 3.591515191142381980e+01 2.395941897092614070e+01
1.192719886062952916e+01 4.317059585445174719e+01 3.913346012782508865e+01
1.856784396984542695e+01 4.454926934116463144e+01 2.187578340511967667e+01
2.037938348303075387e+01 4.453092772771373120e+01 2.117076275114285977e+01
2.027969065940551374e+01 2.675088875923312770e+01 3.573478263586759596e+01
1.898105505564541318e+01 4.499726273789562470e+01 2.047918634822583073e+01
5.356387424058054592e+01 2.602195735603989846e+01 2.800190148076557861e+01
3.127955641083552507e+01 1.459991800920801452e+01 3.172231051569153948e+01
2.870768411085969518e+01 2.982630179104378598e+01 2.182365339278061001e+01
3.675729885649204931e+01 3.107657680421564450e+01 3.970126942372056789e+01
3.313302306396109032e+01 3.686145299118572893e+01 2.714648381117854825e+01
9.503943831278991894e+00 4.285388166437638802e+01 3.294711089325065245e+01
3.508123619455191289e+01 1.739459892299139199e+01 4.162321866718032481e+01
2.093472749523937537e+01 3.548918550485417711e+01 2.466617298448060325e+01
2.126523892086446565e+01 2.331729657068536454e+01 3.785739136961245777e+01
3.771888969355579491e+01 1.261472266046687807e+01 3.329146884162332753e+01
2.604827261549026574e+01 2.667135280928156504e+01 4.157134909926721633e+01
3.345018153172016895e+01 1.380767435754440520e+01 3.281765695339078093e+01
5.059026379214655833e+01 2.423039064926678066e+01 2.340697516665933620e+01
4.443468966571856527e+01 1.256949576561989268e+01 3.981255721130573022e+01
5.125933502636196692e+01 8.294542867400274133e+00 2.557537474553624435e+01
4.629883988967482367e+01 1.199927665163380297e+01 2.945057876165552813e+01
1.238425261874465555e+01 3.104218812049840182e+01 2.648755146777723013e+01
1.699466532062665891e+01 4.949149116915647539e+01 2.232569132172752546e+01
4.695010279788456842e+01 1.906097042582868539e+01 2.142637864930514979e+01
7.237263993737584222e+00 3.929601280992902446e+01 3.233178531963738322e+01
4.767338679905208210e+01 2.938699594274427440e+01 3.956105113346735180e+01
4.278954737601048919e+01 3.031034197769950467e+01 2.318221566228212538e+01
1.611368690113569713e+01 5.303178339065698310e+01 2.549350076456277847e+01
4.087913088612720003e+01 3.438194291543107539e+01 2.815615307891034647e+01
2.096333284527393914e+01 2.579928452015334983e+01 2.578564480839759199e+01
3.997474056417998867e+01 3.467469794411734085e+01 3.397300154538596928e+01
5.234503974631218171e+01 1.777206632208176984e+01 3.558088830860758378e+01
2.750412189720568534e+01 1.514895781592985813e+01 4.276268071222443012e+01
4.392166950359504085e+01 1.394963095873439407e+01 2.800587373826327209e+01
1.055279619665186885e+01 4.532102624718196893e+01 2.799589092290879577e+01
3.063316336074368351e+01 2.953054876211538016e+01 4.128031006059865859e+01
2.040090788726252669e+01 2.326642137851508352e+01 2.717555514098121705e+01
3.655081178575464662e+01 3.468927182144753374e+01 2.591370035614735912e+01
9.938767653546168646e+00 4.305992018378599795e+01 3.615674857669314690e+01
5.004815337870803660e+01 7.562125013473985469e+00 2.516291623647904174e+01
2.038878182660328164e+01 4.179902237339283033e+01 3.965529324845592640e+01
2.232390199060819214e+01 4.995843863190573586e+01 3.158800591377821831e+01
4.777209608433416577e+01 1.630981522492634284e+01 4.158056320102382131e+01
1.806442986852771071e+01 3.626345791112704831e+01 4.024959161606683722e+01
4.829881532484187545e+01 1.214056735075083537e+01 3.310917147113183745e+01
1.556295579951751762e+01 4.828235551379084711e+01 2.347170967696339972e+01
4.821615870864209796e+01 2.290392796646783324e+01 2.194706743542702299e+01
2.511377199106921410e+01 2.295568159717246104e+01 4.185313331482095123e+01
2.725291160463399365e+01 9.584507630129047939e+00 2.862215470780679638e+01
1.920528923757533235e+01 5.385435575364237337e+01 2.616790153445598577e+01
1.001634536764586692e+01 4.046663954400839458e+01 3.915420555010052794e+01
4.813716002189273269e+01 2.878925287506018549e+01 3.976507329747735753e+01
3.286471072690975603e+01 3.622333535448431974e+01 3.682937128553261630e+01
4.921631814443872344e+01 3.063977507131655997e+01 2.521470022419016743e+01
1.348738178483382555e+01 4.233667541683210089e+01 2.309816295486885096e+01
2.407446924797931587e+01 2.397417761777616718e+01 4.114093277024051076e+01
8.902709800523984640e+00 4.087386020891863581e+01 3.682223898982419996e+01
5.058293217795333874e+01 1.583336622151260187e+01 3.312734634046746862e+01
2.828169211746843459e+01 2.895208607424300951e+01 4.136802848312762393e+01
3.199965855408961701e+01 3.732703086536798764e+01 3.378379073696685708e+01
2.027563308648889873e+01 4.280651880087361860e+01 3.970016556488267412e+01
1.900849638758069915e+01 2.688322875174455362e+01 2.984880736983848593e+01
1.229719584065154514e+01 3.653044300778090303e+01 4.122569027793532825e+01
1.688089865071333762e+01 5.423303791672395846e+01 3.571099835297756897e+01
4.637809319634912697e+01 1.428206114803194282e+01 2.997533505486015315e+01
4.401244973434435082e+01 1.286666013130068720e+01 2.724282520372194938e+01
2.847575894498525173e+01 8.311497941292397940e+00 4.062147968840320544e+01
1.432294839806926667e+01 3.050866958027034670e+01 3.444890695209932829e+01
3.814591918587986896e+01 2.920660454385890503e+01 2.217325025819065942e+01
4.856202959895914262e+01 1.364308804884896986e+01 2.155598912322862404e+01
5.158492390873081490e+01 1.573186814756862439e+01 2.903967432110121294e+01
2.297155602840720334e+01 3.340706276242027428e+01 3.675849427758583943e+01
1.925303821076094124e+01 4.927594860066859184e+01 4.354283506281007021e+01
5.318288751340642762e+01 2.108233993738592460e+01 3.022460980872805081e+01
4.689053823871186921e+01 2.403063663864802280e+01 2.155107883282494541e+01
4.004260815614763658e+01 3.472129484666714916e+01 3.361075896156940246e+01
2.516257222571348962e+01 4.060384685536536864e+01 3.768157578216644055e+01
3.301008620491848689e+01 1.473677543210710006e+01 3.561845596430688232e+01
3.541017083379623642e+01 3.616005151625206082e+01 3.530004966847998560e+01
2.652491656734835601e+01 1.008024852902582502e+01 2.114690945996077431e+01
3.412759313479819667e+01 3.598006913232718773e+01 3.661491626838915181e+01
2.210960628761586477e+01 1.775179762201402767e+01 3.881083851564463316e+01
4.637987067062750413e+01 1.729661929455621205e+01 2.148790293522573691e+01
5.232869688715890533e+01 1.043247033518391476e+01 3.676924529939086028e+01
2.792580717379966160e+01 3.777513443454047604e+01 3.138011127539148859e+01
1.724085213046572207e+01 3.118509081075796274e+01 2.847494312164817032e+01
2.223758893754335020e+01 4.089334449412464778e+01 2.370062541924702515e+01
4.451698201235451791e+01 2.482570486311731273e+01 2.123495996583662304e+01
7.631186081671295085e+00 3.987916994534772641e+01 3.054710210326527431e+01
2.825537837421921949e+01 1.178572927428099604e+01 2.873039314365593100e+01
2.132029515205996262e+01 4.778339750434995636e+01 3.869415478673056441e+01
2.190587446022870921e+01 4.057559656555494598e+01 2.354380273633356069e+01
2.068278605898669298e+01 4.010288966908564134e+01 2.315837356126399982e+01
2.276949770234184456e+01 3.093106878736038112e+01 3.708801352884587743e+01
3.368155909505409795e+01 3.275879600529408719e+01 3.933441578704813679e+01
2.539700646392185845e+01 4.404604966940603106e+01 3.539060013342922417e+01
2.683721774118702186e+01 1.321388424378921833e+01 2.030169214481301765e+01
1.930381776700554042e+01 4.990671438442674912e+01 2.345931598955588981e+01
3.606801011253624267e+01 3.333858814727284425e+01 2.452390251658948017e+01
5.302414343592985801e+01 2.212522908839855518e+01 2.780016666570841011e+01
2.737989777791077728e+01 3.931407784482701828e+01 3.071926101620782745e+01
4.624725397336629129e+01 2.899514466823736214e+01 4.024326689955379521e+01
2.488220047603612173e+01 3.875653429394994731e+01 2.549598568137248122e+01
3.763839654076202379e+01 3.462497012465787094e+01 3.617790518007934963e+01
3.021999000732713014e+01 8.799622942106799073e+00 3.977059725663077216e+01
2.486562437960370886e+01 3.080845030462819167e+01 2.403014667258781145e+01
5.188358931922280703e+01 9.155827380705961360e+00 3.603456074221605832e+01
1.608985299911352840e+01 5.387357949089634701e+01 2.627716541061788291e+01
2.749885780885812636e+01 1.143630915003721071e+01 3.407916601270951418e+01
2.351077520214467853e+01 3.912486554239811198e+01 2.437580570246602818e+01
2.884225109362658301e+01 2.833961775647971493e+01 2.114073224566320874e+01
3.106411438481750764e+01 9.629812858897206951e+00 2.505524961411042284e+01
3.464578878111499449e+01 2.365195820500116142e+01 2.031588705974848352e+01
3.852955508061499756e+01 3.538573147372799355e+01 3.020668329224335835e+01
4.064259076876700050e+01 1.379173078614059023e+01 3.563679181235038129e+01
4.861814338472946417e+01 7.403149817457263637e+00 3.890585853023195284e+01
2.881075041847573459e+01 7.896806115638742796e+00 3.597296035424790261e+01
3.094497556741028887e+01 3.579921786998462352e+01 2.521064985735180741e+01
3.216071614462696004e+01 1.494212109428283597e+01 2.562907440787281388e+01
2.302233688034842274e+01 2.683407613505828948e+01 3.968416489371804090e+01
5.042731414586567951e+01 1.011475419029460809e+01 4.035042401010332469e+01
3.264905933295968055e+01 3.035358125826920883e+01 4.074978906238025900e+01
2.496860921646133846e+01 4.286043076424482479e+01 2.597470205305442903e+01
5.334903434442281878e+01 2.547590773990253155e+01 3.540022953177945908e+01
2.390006916512644608e+01 9.863983772681239159e+00 3.546810237959022061e+01
5.334551515989841874e+01 2.162603152566344278e+01 2.997108792936727895e+01
3.743850984641584034e+01 1.908743341373820357e+01 2.087173224783262526e+01
4.960015203830649710e+01 1.028588123205992133e+01 2.233442497211835231e+01
5.162588844758511897e+01 1.259165053341279616e+01 3.980891934088003836e+01
5.231716470194055546e+01 2.502426440247210593e+01 2.559970948204838948e+01
4.456436599179890123e+01 1.242048043670499169e+01 2.813963495756729571e+01
1.088016875082432655e+01 3.088838701021375144e+01 3.220819811044987802e+01
3.307634081057268816e+01 1.548027289584161181e+01 3.909104366731292401e+01
2.192816241511795994e+01 1.970639264003491320e+01 3.786224004670673082e+01
3.656187089836797099e+01 1.511897805546187179e+01 2.486198885298703942e+01
1.465617205144587842e+01 4.822853936813866937e+01 2.441645505982939568e+01
5.049655703678737950e+01 1.705397086980445565e+01 3.060782958874505866e+01
3.018105148031835583e+01 3.508449267188881748e+01 2.464161606393554393e+01
2.206113700978823999e+01 1.675523127454909300e+01 3.894226943219628367e+01
4.480556986648478812e+01 1.403383639579861786e+01 2.923290553212958542e+01
2.203175947134096191e+01 4.626584023331075457e+01 2.371659476587472426e+01
3.440909902051222957e+01 3.450845022013973562e+01 2.478921803280778491e+01
2.961023888107942881e+01 1.512978678369220198e+01 2.919260562720794994e+01
4.334452221385337367e+01 2.150580767509512015e+01 2.118829638004331173e+01
2.742283885009934252e+01 3.986704752611963443e+01 3.227472423359002107e+01
1.200962920341537554e+01 3.490507012945443677e+01 2.198099482429471863e+01
2.070394371644880849e+01 4.214729714626025014e+01 2.345671165366878341e+01
1.847047881002482939e+01 4.943316946819768987e+01 1.920042432147761602e+01
3.584802661504880916e+01 1.819381116733879367e+01 4.206694516855925059e+01
1.607736942318354068e+01 4.878559174871168835e+01 3.884070136059325051e+01
4.487521965481470687e+01 1.838231237637012327e+01 4.149180196670590703e+01
3.690160766777478329e+01 2.801907601857091379e+01 4.146270997149074589e+01
4.388080848315976823e+01 1.417264519983823945e+01 3.230001813979308167e+01
4.304913868829745383e+01 3.477368018564268226e+01 3.064921453397652584e+01
3.679550269214210090e+01 1.267297194127977633e+01 3.050194194514578072e+01
1.889471202945213690e+01 4.477238159068075873e+01 4.261815155588276127e+01
2.649752952997611288e+01 1.047923634892402234e+01 4.216228767851688986e+01
2.008430665463961162e+01 4.917567367769017750e+01 4.305223597546667236e+01
2.031645441049143486e+01 4.905862847195885479e+01 3.993309609326431087e+01
5.262228842000043727e+01 2.984973369401580356e+01 3.164171067492248213e+01
4.913127043139372319e+01 8.326667339529750578e+00 3.991631563821290030e+01
3.018376084236228962e+01 3.033030819976868031e+01 4.090938349599250046e+01
3.357498626941067954e+01 3.660458037579256541e+01 3.581860732231172051e+01
2.423834635404271154e+01 4.799464823180684903e+01 3.141440304032973430e+01
1.949567500152394572e+01 5.181679651144069254e+01 2.816576221886440834e+01
1.435331999585107177e+01 4.160379123058633866e+01 2.279376217327274645e+01
2.398743930489214549e+01 9.247903301133220566e+00 4.080531991850664042e+01
3.469942084105937852e+01 2.410412245165917966e+01 4.265958207003514957e+01
2.269819556939270555e+01 1.303686862725084872e+01 3.621686790682115742e+01
2.130289655228605028e+01 2.230107810160452431e+01 2.554489660009353003e+01
2.396241593558597316e+01 2.167294503741211287e+01 2.136038075906338207e+01
5.244395424239015568e+01 1.212180982123548922e+01 2.601027098443188024e+01
1.271186388596972883e+01 4.943132298944199476e+01 3.515284014718782402e+01
3.000745220345148923e+01 7.977154414919279013e+00 3.747451387439645742e+01
3.382839651284190552e+01 1.619623579525584489e+01 2.321567505131524456e+01
2.286786291304854757e+01 1.582186542047328714e+01 4.133318583524222589e+01
7.039573426729582195e+00 3.759029721691284465e+01 3.744645900158211305e+01
1.041267101130912209e+01 4.524154480162787451e+01 3.356874882390677328e+01
4.030669810769829553e+01 1.553494882840948499e+01 2.443862869834836005e+01
2.955758313306441920e+01 8.722884039216118879e+00 2.296783190154388166e+01
2.231378101611727516e+01 2.290212075020607330e+01 3.962294972887191591e+01
4.985479686057838933e+01 1.211883361889746880e+01 2.972213366193820505e+01
4.276877325177156308e+01 1.903553159828263830e+01 2.135449825825187276e+01
2.562232725772263464e+01 1.019404193788123436e+01 3.432717264685880565e+01
5.259812386622156311e+01 1.989710166960047744e+01 2.779110419942043819e+01
1.975163579986189433e+01 4.430903521385511112e+01 2.163020016498078846e+01
9.877193002619288009e+00 3.265123794724800632e+01 3.898127781829428073e+01
4.553596993359226985e+01 1.758133905212488202e+01 2.159101082625001666e+01
1.922447247721528285e+01 3.891413981717032300e+01 2.272727506932834274e+01
3.396526277390692172e+01 2.717989796137051428e+01 2.077999800559245003e+01
4.627582543166671059e+01 1.130132249540451994e+01 3.366885902312996848e+01
7.923680302948810983e+00 3.766421332191142568e+01 3.918386934036460900e+01
2.188464802184540403e+01 4.648980017702805867e+01 3.899693832140516747e+01
4.607462965348614148e+01 3.400646966977766539e+01 3.444004753358117910e+01
3.003046700475972841e+01 3.445837297083400586e+01 2.418479029882331588e+01
1.282087131188083617e+01 4.818226158876919385e+01 3.737266380440526348e+01
2.597309052614863489e+01 7.038123408240039680e+00 3.761630585236675017e+01
3.814756225491872499e+01 1.351513006447717302e+01 3.622426875217279019e+01
1.685062240777234877e+01 3.927109046519508695e+01 4.065667467791594447e+01
2.114000955388711134e+01 2.633266528190512190e+01 2.559662844744385524e+01
4.318544005340912406e+01 1.393717424749543454e+01 3.667567049770123333e+01
1.039041253957560329e+01 3.131839816687964273e+01 2.805584378785151500e+01
4.880400968951660445e+01 1.915183890409086587e+01 4.124258685968388960e+01
1.240102283735684452e+01 3.415241307419962880e+01 2.236121594514856170e+01
2.444892417997669298e+01 8.044512845912944243e+00 3.650785532083180129e+01
2.795437974453177077e+01 3.722600332102227583e+01 2.793568498569634784e+01
3.718495446531721171e+01 3.413220266477562603e+01 2.565472105569885741e+01
2.399328170148413619e+01 4.554796316397879252e+01 3.565373491160481478e+01
1.916503957615402243e+01 4.119258598147433759e+01 2.296847208433754162e+01
3.544459889194369850e+01 1.385206133482623869e+01 3.601615814053037923e+01
3.322851116297243124e+01 3.725166621189916327e+01 2.997665704108961648e+01
2.746107418821262414e+01 4.133748807462460917e+01 3.068974650048045305e+01
1.452818548670359888e+01 4.620291798553078877e+01 2.366984337843569008e+01
1.090782359284129477e+01 3.574270135521579306e+01 4.114259020655526911e+01
2.247692846052590809e+01 3.823457870794226920e+01 3.901263056636055637e+01
6.415446863548795342e+00 3.743353167660774261e+01 3.124767056681646693e+01
3.271048864580352245e+01 1.477181333780836070e+01 2.781494308204153398e+01
2.314343986947834253e+01 3.450661779028793319e+01 3.690275447646330775e+01
4.042660119765168503e+01 1.673214045732245481e+01 2.237365721760951942e+01
2.963618624962875714e+01 2.089023188266142128e+01 2.027914984525438769e+01
3.120685516991333941e+01 2.519725049764211633e+01 4.268581037167350445e+01
8.411193287153666986e+00 3.342752748478883973e+01 2.486538272779987579e+01
4.351138368767831821e+01 1.353144805143002927e+01 3.609091993663120945e+01
2.699344938861680632e+01 2.204524742980013130e+01 4.251964500978196071e+01
2.839500221006279190e+01 3.169812313578465535e+01 2.280904770885830146e+01
2.382461885539547097e+01 1.848006689121613988e+01 4.195010127259071453e+01
3.929704106637987593e+01 1.528677997817058198e+01 2.475503836363138532e+01
2.769634887296737702e+01 2.242351214842389240e+01 2.043552007634922774e+01
2.686164801099146970e+01 7.758114647126201469e+00 2.318327022698059636e+01
1.073855885261595233e+01 4.428890253978939739e+01 2.557372607345958215e+01
2.625271526533171595e+01 3.349365773555973647e+01 3.805880493558950661e+01
3.493051560381161380e+01 2.385599883650521846e+01 2.033657789764776069e+01
4.386688661251051258e+01 3.427874601532343490e+01 2.823017527535187909e+01
2.254336391046184929e+01 1.464564054324506337e+01 2.668475894273765192e+01
9.479042587157575639e+00 4.276414306597672521e+01 2.905286580542207986e+01
4.851269027567499137e+01 2.831790476726178696e+01 2.305004890841005860e+01
3.458918349696786265e+01 1.833476661837936916e+01 4.213279673302569250e+01
2.312285024158656910e+01 1.827399911683278333e+01 3.276755691330610887e+01
2.977489184359675178e+01 1.489133033488817581e+01 3.136637889974408466e+01
2.409909467104623815e+01 1.800727867066512644e+01 4.219838471061664364e+01
5.097130135394598227e+01 1.428018692457787076e+01 3.351358747158752038e+01
2.358013470152354074e+01 4.605327987947021740e+01 3.548612948993400806e+01
3.006855526749232865e+01 3.719034039612757425e+01 3.523290091830119763e+01
5.264822877375328147e+01 2.023768573500420231e+01 2.780602369150188480e+01
3.776485253819161869e+01 1.273850549770783580e+01 3.394000240338037599e+01
7.606948267864449775e+00 3.984144818343866490e+01 3.078936628606853532e+01
3.108236912870436441e+01 1.324217563699478006e+01 2.243301072124259576e+01
1.700799516807909129e+01 3.775248867133826991e+01 2.229322801705967549e+01
2.584503497300979191e+01 1.241232458659336935e+01 4.261555439183700145e+01
1.604305319371826855e+01 4.272852713672328662e+01 2.302653772079114347e+01
1.492063925100613808e+01 4.402684527434924888e+01 3.959188062187193680e+01
3.176334209788246810e+01 1.497346991591351362e+01 2.719307663988245594e+01
1.117407737986709648e+01 4.714959981631439945e+01 3.341988366570519986e+01
4.121128483337965065e+01 1.356062802579175752e+01 2.862319069221544154e+01
2.323292758010365588e+01 1.253144791861598861e+01 4.136877323152771169e+01
2.212660895975515984e+01 1.735971269615108525e+01 3.782788872393933843e+01
2.325501295608113494e+01 1.508841656748645477e+01 2.137459657501152677e+01
4.509415062966900223e+01 1.045800753978657838e+01 3.466444842877598376e+01
2.012990859486345840e+01 3.486292070829298950e+01 3.850889463033279725e+01
2.633149865959304492e+01 3.548627885453937836e+01 2.621114942662600100e+01
3.770548881293338184e+01 2.152226440538597174e+01 4.236210350315450057e+01
5.177692356572696752e+01 3.005929185185378216e+01 2.821030937151707718e+01
3.819073876479059493e+01 2.319494729911628639e+01 4.238055020374715554e+01
2.066634746600573180e+01 4.869948977120262157e+01 4.203364514016028153e+01
4.841437770187749834e+01 1.213806497705928322e+01 4.137486688558813341e+01
2.204327869864420464e+01 1.346914898967248320e+01 3.875685164612615097e+01
4.733590549181685248e+01 1.203685885946839207e+01 2.179926301326865357e+01
1.504311982767809042e+01 4.919633912161012290e+01 2.512833038363744720e+01
6.594220241432607210e+00 3.787292658892442887e+01 3.486131231167612299e+01
1.980442586790467629e+01 4.349417294838830372e+01 4.040826165241333001e+01
3.930262501513823281e+01 2.867760235771637767e+01 4.090219803178126767e+01
2.883053144948173951e+01 8.132097430719102960e+00 4.031914178563685169e+01
9.346638933003045935e+00 4.257504426494951133e+01 3.155156543343035835e+01
4.989241474963660750e+01 9.126962269249617066e+00 2.899344431373108222e+01
2.203729815013644711e+01 1.960424219827143943e+01 2.717686053184706552e+01
2.998453715232868788e+01 1.018568712090201167e+01 3.534041481544812058e+01
3.759762400158493278e+01 3.557138037340367021e+01 2.879779350570610319e+01
1.111817635958109740e+01 4.016212262678990896e+01 2.285697145016642295e+01
1.122227742406040463e+01 4.749183316513340714e+01 3.109644000278782983e+01
4.404651174945470160e+01 2.599335191899851694e+01 4.162645411686973063e+01
2.628172516833872052e+01 1.595991906021084716e+01 3.013397950592581864e+01
2.016227871668645122e+01 2.653396728262908510e+01 2.739113671376836123e+01
4.096954137519904293e+01 3.434713656042620755e+01 2.808440755689515811e+01
4.703263753673969205e+01 2.550455864095903991e+01 4.130507328033831982e+01
2.038203154402834372e+01 2.891804171144098490e+01 2.757694266115887771e+01
3.834938784593534677e+01 2.685448682282078892e+01 4.178150691650029103e+01
2.213815256339734816e+01 2.022072019079688587e+01 3.927820112717926548e+01
5.040883250487823375e+01 2.517779742971498180e+01 3.965266444147189873e+01
2.447288436394585176e+01 3.850595725348898668e+01 3.780567872361142889e+01
4.275099151085417049e+01 1.513049321401239489e+01 2.398388179390194352e+01
2.215666147396654395e+01 4.052781405281833571e+01 2.363706915451025736e+01
3.850675364589653782e+01 2.544862029500479395e+01 2.079045907149554040e+01
3.775802644722982393e+01 3.534755125342465476e+01 2.823094928647119417e+01
1.595619678319579826e+01 5.354194654502094863e+01 2.595985050945460415e+01
4.270164614204291098e+01 1.513559110013138209e+01 3.935444181976952649e+01
1.658195990570852985e+01 3.098706942332533032e+01 3.467875378878131443e+01
3.513490755866814652e+01 2.962384932186942876e+01 2.199473445067003041e+01
2.108104170319165149e+01 4.409082024161613589e+01 2.273179224886933625e+01
3.065334170668824498e+01 1.384648428280942412e+01 3.565324091987092459e+01
4.823595208829520686e+01 1.129605656463425589e+01 4.122328058143962437e+01
2.752545026160976960e+01 7.629813258032108081e+00 2.713122922495499623e+01
4.229023668748496334e+01 2.607428338313048499e+01 4.176120120637112620e+01
1.718883471225121440e+01 3.759695036975438143e+01 4.070073464844461597e+01
2.887989334958500720e+01 3.696246168712069391e+01 3.572241317835118934e+01
2.573621985710627769e+01 1.620287139051413305e+01 3.136671860716582216e+01
4.898598875421307497e+01 3.209343330183344278e+01 3.596112578855563413e+01
1.661073333590993073e+01 3.146523307950629800e+01 2.714932235978665531e+01
4.374941049640065671e+01 2.941495702852676075e+01 2.264448798513497252e+01
5.296035417254129385e+01 2.073618414891100414e+01 3.367502719539733391e+01
4.699077529707239620e+01 1.289410550389922427e+01 2.171067005070140965e+01
5.221831275953763196e+01 1.465365492224121446e+01 3.550912404755097640e+01
5.319671420347793855e+01 2.442309414182251004e+01 2.744529583653481808e+01
3.714643753092570932e+01 1.393537648773232007e+01 3.696314085326135768e+01
3.768568354746859939e+01 2.512827649155984489e+01 4.225746575583638531e+01
3.812773242506943916e+01 1.566730347093494480e+01 3.966706205004174990e+01
4.745880336619204343e+01 1.386076554452571763e+01 3.290897285336300371e+01
2.243684605514529196e+01 4.892158845091061892e+01 2.933939206248624743e+01
4.408424026505314686e+01 1.027274530598820945e+01 2.584314651520482542e+01
3.597639030419060191e+01 1.585909995320571042e+01 3.998038256692191794e+01
4.044050487993061438e+01 2.625447730079314113e+01 4.182534217529405396e+01
2.690583814888745096e+01 3.788565561301822271e+01 3.422939172652394291e+01
4.954124191928931964e+01 1.390574722107694328e+01 2.169753527465708132e+01
1.711531327514906309e+01 3.739937924897872534e+01 2.233461257239406095e+01
4.504021005513921949e+01 2.070137055314502916e+01 2.130992457970027232e+01
5.479272028452692211e+01 2.630183418246793892e+01 3.161778817913019779e+01
1.904199963106587745e+01 4.434809426332680715e+01 4.196216102463762354e+01
4.495258574908768168e+01 3.267996578037426758e+01 3.719715419781445576e+01
1.511185456430198037e+01 3.589546267453839334e+01 4.091011141503420845e+01
3.061230771969567499e+01 1.164177369257557615e+01 3.578783536516140629e+01
2.183283270502573004e+01 4.852346787514701276e+01 3.488275831597707111e+01
3.965208370026270757e+01 1.552117505596323710e+01 3.916288714654547221e+01
3.976557796139752554e+01 1.633095765917045483e+01 2.282626272032220172e+01
2.352548122206134451e+01 2.403948638487436540e+01 2.219886869997771228e+01
1.260297008533398611e+01 3.655484544571753247e+01 2.180598281468832056e+01
2.091153877588827115e+01 4.538266513073008923e+01 1.988432907082825096e+01
5.130269578765658878e+01 8.742049907280671661e+00 2.737244626675826353e+01
9.602552362056277602e+00 4.171389842171639373e+01 3.730440667826366052e+01
2.160217258809415242e+01 1.987791844661202845e+01 2.967156729775038926e+01
9.058798401448079574e+00 3.184500334126360599e+01 3.249536128959082504e+01
2.087823131479147776e+01 2.920767103624585559e+01 3.595060587444262978e+01
2.525953748851554082e+01 2.936691105751623354e+01 2.275428658178216779e+01
2.250755839596639163e+01 1.612928878480402517e+01 2.221616797267109789e+01
1.867518712480839937e+01 3.651925498929549008e+01 2.294275537558364775e+01
1.147623039209891083e+01 4.644593680469242258e+01 2.587059355952629147e+01
3.006563491275626276e+01 9.736503116756583864e+00 3.557427596441625894e+01
5.224259037809696338e+01 1.810368495113506526e+01 2.551437149918317004e+01
2.014970416529500241e+01 4.918605699852594171e+01 4.209361498014567360e+01
2.250428001435976455e+01 2.991735801416388441e+01 2.557032801411438783e+01
5.363564018867472782e+01 2.858484058389466043e+01 3.198562646532030485e+01
2.325334081309359746e+01 4.586505882825000668e+01 2.670449300623956290e+01
2.726485375315508719e+01 4.248958770432606968e+01 3.217384774368609612e+01
1.126305243805398426e+01 4.629574730183735198e+01 3.636449890509671690e+01
7.838813914295104546e+00 3.989235338935220909e+01 3.490421257317835568e+01
3.656464844361160971e+01 3.580603101223555740e+01 3.474872004641402867e+01
2.751284097342670165e+01 4.090693931115955451e+01 3.204944022506908397e+01
2.566661484396317761e+01 1.594791330294288834e+01 2.024627670250442080e+01
4.214155382173730402e+01 2.555406010070818468e+01 2.111423752561303502e+01
4.856517169341094586e+01 2.908465177750559150e+01 3.937811074239639453e+01
2.312033944105880678e+01 1.353075685949835716e+01 2.748797891995677034e+01
2.177845787522292653e+01 4.683890634965663935e+01 3.982429518289173132e+01
3.753407138623239803e+01 3.337438632419976869e+01 2.509803904542756925e+01
1.438463086510756916e+01 3.102861684540810927e+01 2.662645540652613718e+01
3.380771119524617063e+01 2.589525229707913923e+01 2.045581762381954505e+01
5.052151776413063544e+01 2.235993518324087148e+01 2.315652384931700425e+01
3.133919724220931968e+01 1.166890279296017852e+01 3.703657027641244071e+01
3.316740621241923748e+01 1.457157953681643292e+01 2.787071508076649096e+01
1.083557157785342007e+01 3.471897225048776647e+01 2.221493782449090304e+01
2.005823684868326495e+01 2.395999230776780564e+01 2.760167332897488279e+01
2.461398964162066960e+01 7.884977604612980251e+00 3.660072829940227734e+01
2.799126417948658485e+01 1.953779160697134998e+01 2.023372432121869480e+01
8.773911836370430706e+00 3.369981353865196638e+01 2.404225431061763985e+01
5.154338649940440575e+01 1.463524219930433290e+01 3.401724940307615697e+01
4.815390088632874921e+01 3.075860201358024781e+01 3.818894368073070922e+01
3.158388787410314436e+01 3.680086600412794695e+01 2.650786094163179030e+01
1.995777072709859112e+01 4.984009349362956698e+01 3.660411644449235524e+01
2.725928034956395507e+01 7.162969811417729815e+00 2.524597105052568224e+01
2.546220724009228675e+01 2.809527365025225265e+01 4.078896865374571234e+01
2.851249017556353849e+01 1.518057994189265614e+01 3.291885059281027281e+01
1.810922813928594621e+01 5.416962412359687562e+01 3.789506450212095245e+01
2.050430301960048496e+01 2.125361276971059965e+01 3.300343918606451865e+01
1.120172280798085751e+01 4.721867785144124241e+01 2.934734280280042285e+01
2.870900729709358501e+01 1.987084626333900772e+01 4.276358836348880743e+01
8.124974205096583191e+00 3.747406801822801015e+01 2.340127608187380304e+01
3.147439843914018809e+01 1.256319955371054675e+01 2.351500890367443830e+01
3.721291055752189436e+01 2.721575025878239984e+01 4.172770349852785898e+01
1.534893700689565321e+01 5.129812099702202488e+01 3.393071168825093054e+01
2.809242697036534508e+01 2.052753273222130659e+01 4.271901402614782484e+01
4.366495103653478083e+01 1.897100087257623358e+01 2.142991788014065691e+01
2.053665275364761555e+01 2.540039722401344591e+01 2.654300973541980824e+01
2.638895933828725759e+01 8.782750495863151485e+00 2.192727936096719077e+01
4.779958579134384422e+01 3.027135487912529754e+01 3.882840871124501803e+01
2.721720399919571420e+01 7.618224073989407152e+00 2.351678116500306714e+01
2.206272897590977422e+01 1.635222423141472348e+01 3.819653447064854390e+01
1.492622976343533558e+01 3.044836936521705084e+01 3.205475848798197802e+01
5.174530278735893774e+01 1.566014785996023306e+01 3.952395291135693611e+01
5.176550174626022738e+01 2.155977449149904501e+01 3.850284625380955106e+01
2.806725098363873983e+01 2.282294856242916481e+01 4.257548482887029451e+01
3.910670856490693836e+01 3.383437314873597046e+01 3.652532927117391637e+01
3.239821198026115212e+01 2.539864532966834787e+01 4.262120834814167125e+01
3.129520287227202502e+01 1.086228648608582148e+01 2.561673962848695396e+01
1.672409478604922128e+01 5.325688711399828179e+01 3.807363411763952143e+01
2.757033898690069407e+01 1.610562480916997075e+01 2.026917980307506184e+01
2.937640774169683766e+01 2.316827523505903130e+01 2.029241102787304385e+01
2.298401378276933116e+01 2.062071775682434449e+01 4.093354505623675266e+01
2.164862136737162857e+01 4.443098145455115855e+01 4.011053101271416210e+01
2.301183988774196720e+01 3.676726976774395439e+01 3.797479608409280161e+01
6.951329364125786725e+00 3.461382351869637830e+01 2.793009364872942513e+01
8.417124364784905666e+00 4.086300010532707461e+01 2.854125735197025548e+01
1.226993029449710093e+01 4.534326688993665755e+01 2.420863344726279109e+01
4.821776223604017986e+01 1.033273089176504023e+01 3.336711867329297831e+01
3.427575240694556413e+01 2.437412169952804675e+01 2.031517480641096896e+01
3.430299706366091073e+01 2.685125405918798691e+01 4.218404672768492247e+01
1.772730921008117377e+01 4.701374788668233862e+01 4.413405669122386854e+01
4.079448112949805960e+01 3.376192874440165070e+01 3.605618562559565987e+01
5.241503284471500734e+01 2.764956889711171684e+01 3.629441480308682344e+01
4.500268290390174286e+01 1.607328334352566657e+01 4.112560238995245498e+01
1.842769199419066695e+01 4.138490646284368069e+01 2.290136924833533172e+01
1.006091898180591393e+01 3.261436675463141199e+01 2.430295265421373330e+01
4.993751601099155124e+01 2.279833544789042321e+01 2.274300763811503501e+01
2.474764503835593743e+01 4.482366663849585109e+01 2.732730295870424797e+01
3.216330884635690524e+01 3.741614944710219959e+01 2.988143880783416151e+01
3.794923757167699563e+01 2.446330689639923150e+01 2.065862621306575519e+01
2.838986059548263796e+01 3.755979103171405598e+01 2.937503644485692433e+01
1.673539170915737628e+01 3.683797895886733897e+01 4.074954434658530289e+01
5.162225233788051071e+01 1.743355357524644589e+01 2.939847732917033341e+01
1.873414120710796027e+01 3.351250095077149638e+01 2.512498510801516005e+01
2.217636453854066048e+01 1.327152773927426566e+01 3.768913056994837518e+01
2.154797204192124838e+01 3.081736739837763395e+01 3.629537270959001205e+01
2.719579956835743673e+01 2.367813482573202322e+01 4.238589160043659376e+01
3.017315512264398691e+01 2.961757380306607956e+01 4.124753121685458268e+01
1.130852100904997570e+01 3.077320420628954167e+01 3.005143828577693910e+01
5.073457804213757072e+01 2.816398793947580614e+01 2.461117224811997772e+01
3.865040916331123810e+01 1.639654931805555549e+01 4.066356151924674123e+01
2.101644518279087137e+01 4.495821992586493820e+01 4.295509525344312607e+01
2.232456786356688738e+01 1.122868383461716846e+01 3.856838474372423775e+01
4.664244288077594547e+01 2.001104999529146156e+01 4.149331536591197533e+01
2.529244901427203374e+01 4.669895953699114699e+01 3.138089786103303425e+01
3.763882093702721932e+01 1.759139587187055653e+01 2.150053028937449540e+01
2.176780563911519550e+01 1.961124704428739207e+01 3.056175867974295102e+01
2.499060111855746413e+01 8.515052899374001782e+00 2.744355935805561941e+01
2.000440528220940450e+01 4.391372505670025816e+01 4.126440440780082497e+01
2.212933279500918360e+01 4.731023699741083988e+01 2.702027377157800458e+01
5.188964132529599738e+01 2.987811458715054513e+01 2.816734583744733200e+01
4.732481713074425755e+01 2.691770301386198838e+01 2.202168212078787235e+01
5.357236481220350299e+01 2.705562193488418998e+01 2.821690889352235843e+01
3.998321169669063124e+01 2.430911218508627059e+01 4.218283689547719462e+01
5.025698279905353161e+01 9.148954285871511161e+00 3.991653515917129624e+01
8.823078328149760452e+00 4.103802202066534477e+01 3.604631125988527174e+01
5.448965241840783591e+01 2.655285287460604948e+01 2.974819552652238031e+01
1.847695271016823071e+01 4.757000902644919194e+01 1.846306949896967708e+01
4.150258625335270324e+01 1.616955391937272069e+01 4.031684097639674746e+01
8.937471020182208292e+00 4.023079882000607199e+01 3.802835140829746052e+01
4.438298114723491494e+01 1.020730512974197346e+01 3.854985824537418182e+01
4.248136132389264219e+01 1.359099272869129749e+01 3.270822282783735346e+01
2.430144961115443891e+01 2.295794740002314072e+01 4.149639498819372108e+01
4.151333337547836777e+01 1.479018097515436381e+01 2.625903264766629164e+01
2.159195600022413686e+01 2.155656315390658762e+01 2.521650159806938518e+01
5.161741988031835859e+01 1.751396521967206610e+01 3.959238795811797473e+01
1.449854647609809710e+01 4.257065718317915781e+01 2.304409079854501741e+01
3.906668632430529442e+01 1.560913665711204246e+01 2.413405368888314584e+01
3.330286021874228908e+01 1.525182947033776593e+01 2.555863132154821926e+01
2.239127119817517553e+01 4.803875617483176086e+01 2.818952276560539971e+01
5.019038846723087488e+01 2.629986524283162197e+01 2.328245967775803393e+01
2.228094257129538391e+01 1.421185955058252404e+01 2.601676573154299632e+01
2.518599869005851133e+01 3.385476574448046705e+01 2.563641965969455683e+01
1.953461716904425316e+01 2.325872581214338197e+01 3.038887132377096023e+01
9.655027372982326384e+00 4.002171107549195028e+01 2.370333556182894341e+01
1.572963219884411679e+01 5.160067832526344489e+01 3.220951322078357748e+01
2.058612803833198512e+01 2.713729232155694149e+01 2.671412851075051265e+01
1.152995884502367652e+01 3.650779181267381546e+01 2.185591090580196649e+01
6.906195478680304589e+00 3.844987427136308611e+01 2.741529855385336845e+01
2.378529785646244576e+01 1.026241061975023250e+01 2.194051932833542651e+01
4.508986842242673276e+01 2.849617675926002036e+01 2.225673389289415383e+01
3.372497103389422080e+01 2.295245465884075386e+01 4.277126387298663701e+01
4.849580542842721798e+01 9.193833384388328867e+00 2.925982449250761164e+01
1.884437401095076581e+01 5.161504062935253501e+01 2.945718426049168670e+01
2.295757503964240342e+01 4.398657031179203614e+01 2.479615824360822174e+01
2.408290893069554173e+01 3.517479279016954763e+01 2.622392391070690110e+01
4.717466917150395034e+01 3.140164033195100401e+01 2.484979769409910944e+01
2.187972224734281568e+01 4.641882030587989760e+01 2.214629068752863006e+01
2.208248512743613645e+01 3.779842999473501663e+01 3.908889861983863767e+01
5.116699898373057920e+01 2.506592326092177458e+01 3.896893656445023169e+01
2.905132110534655610e+01 2.718513935777319546e+01 2.068484080272303061e+01
2.409518078444193634e+01 2.223110521349338597e+01 4.156302966669740329e+01
3.591436429335082892e+01 2.122920738144964403e+01 2.052273309698977144e+01
1.257166966289740095e+01 3.583159079454354412e+01 4.124875419461351811e+01
4.779990689757173783e+01 1.689184885324811347e+01 4.160043915937173864e+01
3.133057535157727713e+01 1.083949903827546279e+01 2.529784516921500881e+01
4.605432462518312775e+01 2.371051042548382881e+01 2.138003612856937963e+01
6.860455927863441161e+00 3.845313907017568766e+01 3.482836388545915440e+01
2.937401046222705858e+01 3.705678720944732163e+01 2.706062941161743041e+01
1.566626447268942712e+01 4.725506326528677903e+01 4.110588789007019273e+01
8.412751765878633492e+00 4.025303286917019818e+01 2.586910788674341077e+01
2.757722444678616114e+01 3.227395670187536325e+01 3.944754344623001430e+01
1.192164213159477448e+01 4.892090749476282951e+01 3.268899065276003313e+01
2.228005405877929945e+01 1.672635000282087958e+01 4.020821366594157098e+01
1.962702807511944059e+01 5.111572745174720467e+01 3.336486597928620768e+01
3.647066170715960709e+01 2.983599088426823087e+01 2.233009077360060601e+01
3.805628387583986694e+01 1.374022507041181029e+01 3.667287580635895949e+01
4.980568634259175553e+01 2.047803900778898267e+01 4.058509588745333474e+01
1.805559472033304758e+01 4.540086490715735579e+01 4.297031034103613933e+01
3.009922332313616167e+01 3.345475801010386618e+01 2.355234293642371313e+01
4.047861164369744102e+01 1.691191226948812343e+01 2.219569019798008824e+01
2.802789833503943129e+01 1.636513506914180738e+01 4.272712261305211712e+01
8.620103870481070629e+00 3.334345952788871870e+01 2.470276603012312933e+01
2.378318291603915213e+01 4.267248055259167927e+01 2.482993059881712128e+01
2.286473520963690476e+01 4.611009003927575378e+01 2.649372378193536903e+01
4.099994691093115051e+01 1.362821450150763702e+01 2.822324994944169774e+01
4.072673648031802429e+01 3.289906053052078505e+01 2.545146985929343231e+01
3.124149069621732622e+01 1.027063094036795121e+01 3.761339414442100804e+01
1.885570438910165336e+01 3.715197282192026762e+01 4.022636289365161844e+01
